637,3
637,2
637,1
637,0
636,3
636,2
636,1
636,0
432,7
432,6
78,7
78,6
78,5
60,7
60,6
431,17
431,16
431,15
431,14
431,13
431,12
431,11
431,10
431,9
431,8
431,7
431,6
102,7
102,6
635,7
635,6
635,5
635,4
635,3
635,2
635,1
635,0
393,5
393,4
634,4
634,3
634,2
634,1
634,0
392,4
391,4
390,4
389,6
389,5
389,4
388,5
388,4
633,6
633,5
633,4
633,3
633,2
633,1
633,0
632,5
632,4
632,3
632,2
632,1
632,0
387,4
631,5
631,4
631,3
631,2
631,1
631,0
386,4
385,4
384,4
630,5
630,4
630,3
630,2
630,1
630,0
383,4
629,3
629,2
629,1
629,0
380,4
628,5
628,4
628,3
628,2
628,1
628,0
379,4
376,8
376,7
376,6
376,5
376,4
374,4
627,12
627,11
627,10
627,9
627,8
627,7
627,6
627,5
627,4
627,3
627,2
627,1
627,0
373,11
373,10
373,9
373,8
373,7
373,6
373,5
373,4
372,4
371,4
626,6
626,5
626,4
626,3
626,2
626,1
626,0
625,6
625,5
625,4
625,3
625,2
625,1
625,0
370,5
370,4
369,4
368,9
368,8
368,7
368,6
368,5
368,4
367,4
366,4
365,4
364,4
624,9
624,8
624,7
624,6
624,5
624,4
624,3
624,2
624,1
624,0
363,7
363,6
363,5
363,4
362,4
361,5
361,4
360,4
623,6
623,5
623,4
623,3
623,2
623,1
623,0
622,6
622,5
622,4
622,3
622,2
622,1
622,0
359,6
359,5
359,4
621,5
621,4
621,3
621,2
621,1
621,0
358,4
620,11
620,10
620,9
620,8
620,7
620,6
620,5
620,4
620,3
620,2
620,1
620,0
619,11
619,10
619,9
619,8
619,7
619,6
619,5
619,4
619,3
619,2
619,1
619,0
618,10
618,9
618,8
618,7
618,6
618,5
618,4
618,3
618,2
618,1
618,0
617,9
617,8
617,7
617,6
617,5
617,4
617,3
617,2
617,1
617,0
616,9
616,8
616,7
616,6
616,5
616,4
616,3
616,2
616,1
616,0
615,9
615,8
615,7
615,6
615,5
615,4
615,3
615,2
615,1
615,0
614,9
614,8
614,7
614,6
614,5
614,4
614,3
614,2
614,1
614,0
613,9
613,8
613,7
613,6
613,5
613,4
613,3
613,2
613,1
613,0
356,9
356,8
356,7
356,6
356,5
356,4
353,5
353,4
352,4
612,7
612,6
612,5
612,4
612,3
612,2
612,1
612,0
611,6
611,5
611,4
611,3
611,2
611,1
611,0
610,5
610,4
610,3
610,2
610,1
610,0
351,4
609,5
609,4
609,3
609,2
609,1
609,0
608,4
608,3
608,2
608,1
608,0
350,4
607,10
607,9
607,8
607,7
607,6
607,5
607,4
607,3
607,2
607,1
607,0
349,10
349,9
349,8
349,7
349,6
349,5
349,4
348,17
348,16
348,15
348,14
348,13
348,12
348,11
348,10
348,9
348,8
348,7
348,6
348,5
348,4
0,246
346,4
606,3
606,2
606,1
606,0
343,4
0,245
605,7
605,6
605,5
605,4
605,3
605,2
605,1
605,0
342,6
342,5
342,4
341,4
5,90
604,12
604,11
604,10
604,9
604,8
604,7
604,6
604,5
604,4
604,3
604,2
604,1
604,0
603,10
603,9
603,8
603,7
603,6
603,5
603,4
603,3
603,2
603,1
603,0
602,9
602,8
602,7
602,6
602,5
602,4
602,3
602,2
602,1
602,0
601,8
601,7
601,6
601,5
601,4
601,3
601,2
601,1
601,0
340,7
340,6
340,5
340,4
339,4
600,8
600,7
600,6
600,5
600,4
600,3
600,2
600,1
600,0
338,5
338,4
337,4
599,7
599,6
599,5
599,4
599,3
599,2
599,1
599,0
5,88
336,5
336,4
335,4
598,8
598,7
598,6
598,5
598,4
598,3
598,2
598,1
598,0
597,8
597,7
597,6
597,5
597,4
597,3
597,2
597,1
597,0
596,8
596,7
596,6
596,5
596,4
596,3
596,2
596,1
596,0
595,8
595,7
595,6
595,5
595,4
595,3
595,2
595,1
595,0
334,8
334,7
334,6
334,5
334,4
333,4
594,6
594,5
594,4
594,3
594,2
594,1
594,0
593,6
593,5
593,4
593,3
593,2
593,1
593,0
332,5
332,4
330,4
592,13
592,12
592,11
592,10
592,9
592,8
592,7
592,6
592,5
592,4
592,3
592,2
592,1
592,0
591,13
591,12
591,11
591,10
591,9
591,8
591,7
591,6
591,5
591,4
591,3
591,2
591,1
591,0
590,13
590,12
590,11
590,10
590,9
590,8
590,7
590,6
590,5
590,4
590,3
590,2
590,1
590,0
589,13
589,12
589,11
589,10
589,9
589,8
589,7
589,6
589,5
589,4
589,3
589,2
589,1
589,0
588,13
588,12
588,11
588,10
588,9
588,8
588,7
588,6
588,5
588,4
588,3
588,2
588,1
588,0
587,13
587,12
587,11
587,10
587,9
587,8
587,7
587,6
587,5
587,4
587,3
587,2
587,1
587,0
5,84
329,13
329,12
329,11
329,10
329,9
329,8
329,7
329,6
329,5
329,4
328,4
586,7
586,6
586,5
586,4
586,3
586,2
586,1
586,0
5,83
585,7
585,6
585,5
585,4
585,3
585,2
585,1
585,0
584,7
584,6
584,5
584,4
584,3
584,2
584,1
584,0
327,7
327,6
327,5
327,4
326,4
583,8
583,7
583,6
583,5
583,4
583,3
583,2
583,1
583,0
325,8
325,7
325,6
325,5
325,4
582,6
582,5
582,4
582,3
582,2
582,1
582,0
581,5
581,4
581,3
581,2
581,1
581,0
322,5
0,240
322,4
321,4
320,4
580,5
580,4
580,3
580,2
580,1
580,0
319,5
319,4
579,5
579,4
579,3
579,2
579,1
579,0
318,5
318,4
317,5
317,4
0,239
316,4
0,238
315,4
0,237
578,4
578,3
578,2
578,1
578,0
314,4
313,5
313,4
312,4
577,10
577,9
577,8
577,7
577,6
577,5
577,4
577,3
577,2
577,1
577,0
576,10
576,9
576,8
576,7
576,6
576,5
576,4
576,3
576,2
576,1
576,0
575,7
575,6
575,5
575,4
575,3
575,2
575,1
575,0
311,4
310,4
308,4
574,6
574,5
574,4
574,3
574,2
574,1
574,0
573,6
573,5
573,4
573,3
573,2
573,1
573,0
572,6
572,5
572,4
572,3
572,2
572,1
572,0
307,6
307,5
307,4
571,6
571,5
571,4
571,3
571,2
571,1
571,0
306,5
306,4
305,4
304,4
303,4
302,4
301,6
301,5
301,4
300,5
300,4
299,4
298,5
298,4
570,16
570,15
570,14
570,13
570,12
570,11
570,10
570,9
570,8
570,7
570,6
570,5
570,4
570,3
570,2
570,1
570,0
0,234
5,78
569,16
569,15
569,14
569,13
569,12
569,11
569,10
569,9
569,8
569,7
569,6
569,5
569,4
569,3
569,2
569,1
569,0
568,16
568,15
568,14
568,13
568,12
568,11
568,10
568,9
568,8
568,7
568,6
568,5
568,4
568,3
568,2
568,1
568,0
567,15
567,14
567,13
567,12
567,11
567,10
567,9
567,8
567,7
567,6
567,5
567,4
567,3
567,2
567,1
567,0
297,14
297,13
297,12
297,11
297,10
297,9
297,8
297,7
297,6
297,5
297,4
566,4
566,3
566,2
566,1
566,0
294,4
293,6
293,5
293,4
292,4
565,4
565,3
565,2
565,1
565,0
5,76
291,4
290,4
564,8
564,7
564,6
564,5
564,4
564,3
564,2
564,1
564,0
285,8
285,7
285,6
285,5
0,232
285,4
281,4
5,75
280,7
280,6
280,5
280,4
279,6
279,5
279,4
5,74
277,4
563,6
563,5
563,4
563,3
563,2
563,1
563,0
562,5
562,4
562,3
562,2
562,1
562,0
276,4
274,4
273,6
5,73
273,5
273,4
271,4
269,5
269,4
267,4
259,4
561,7
561,6
561,5
561,3
561,2
561,1
561,0
560,5
560,4
560,3
560,2
560,1
560,0
559,4
559,3
559,2
559,1
559,0
0,231
257,4
558,13
558,12
558,11
558,10
5,72
558,9
558,8
558,7
558,6
558,5
558,4
558,3
558,2
558,1
558,0
256,6
256,5
256,4
255,4
254,4
253,6
253,5
253,4
252,4
251,4
249,4
247,4
246,4
557,7
557,6
557,5
557,4
557,3
557,2
557,1
557,0
5,71
245,5
245,4
244,7
244,6
244,5
244,4
243,4
242,6
242,5
242,4
240,4
556,6
556,5
556,4
556,3
556,2
556,1
556,0
555,6
555,5
555,4
555,3
555,2
555,1
555,0
239,5
239,4
554,6
554,5
554,4
554,3
554,2
554,1
554,0
553,5
553,4
553,3
553,2
553,1
553,0
238,4
5,70
237,4
552,6
552,5
552,4
552,3
552,2
552,1
552,0
236,4
235,4
234,4
233,5
233,4
232,4
551,7
551,6
551,5
551,4
551,3
551,2
551,1
551,0
550,7
550,6
550,5
550,4
550,3
550,2
550,1
550,0
231,4
230,4
5,69
549,7
549,6
549,5
549,4
549,3
549,2
549,1
549,0
229,5
229,4
548,3
548,2
548,1
548,0
226,4
5,68
225,4
224,10
224,9
224,8
5,67
224,7
224,6
224,5
224,4
5,66
222,4
5,65
547,4
547,3
547,2
547,1
547,0
221,4
546,7
546,6
546,5
546,4
546,3
546,2
546,1
546,0
545,7
545,6
545,5
545,4
545,3
545,2
545,1
545,0
220,7
220,6
220,5
5,64
220,4
219,4
544,5
544,4
544,3
544,2
544,1
544,0
218,5
218,4
217,4
543,4
543,3
543,2
543,1
543,0
215,4
542,8
542,7
542,6
542,5
542,4
542,3
542,2
542,1
542,0
0,229
541,7
541,6
541,5
541,4
541,3
541,2
541,1
541,0
214,7
214,6
214,5
214,4
213,4
540,8
540,7
540,6
540,5
540,4
540,3
540,2
540,1
540,0
539,8
539,7
539,6
539,5
539,4
539,3
539,2
539,1
539,0
538,8
538,7
538,6
538,5
538,4
538,3
538,2
538,1
538,0
0,228
212,8
212,7
212,6
212,5
212,4
211,4
537,7
537,6
537,5
537,4
537,3
537,2
537,1
537,0
536,7
536,6
536,5
536,4
536,3
536,2
536,1
536,0
535,7
535,6
535,5
535,4
535,3
535,2
535,1
535,0
210,7
210,6
210,5
210,4
209,4
208,4
534,4
534,3
534,2
534,1
534,0
206,4
533,8
533,7
533,6
533,5
533,4
533,3
533,2
533,1
533,0
532,7
532,6
532,5
532,4
532,3
532,2
532,1
532,0
205,7
205,6
205,5
205,4
531,11
531,10
531,9
531,8
531,7
531,6
531,5
531,4
531,3
531,2
531,1
531,0
530,11
530,10
530,9
530,8
530,7
530,6
530,5
530,4
530,3
530,2
530,1
530,0
529,11
529,10
529,9
529,8
529,7
529,6
529,5
529,4
529,3
529,2
529,1
529,0
528,11
528,10
528,9
528,8
528,7
528,6
528,5
528,4
528,3
528,2
528,1
528,0
0,226
204,11
204,10
204,9
204,8
204,7
204,6
204,5
204,4
203,4
527,15
527,14
527,13
527,12
527,11
527,10
527,9
527,8
527,7
527,6
527,5
527,4
527,3
527,2
527,1
527,0
526,15
526,14
526,13
526,12
526,11
526,10
526,9
526,8
526,7
526,6
526,5
526,4
526,3
526,2
526,1
526,0
525,15
525,14
525,13
525,12
525,11
525,10
525,9
525,8
525,7
525,6
525,5
525,4
525,3
525,2
525,1
525,0
0,225
524,15
524,14
524,13
524,12
524,11
524,10
524,9
524,8
524,7
524,6
524,5
524,4
524,3
524,2
524,1
524,0
523,15
523,14
523,13
523,12
523,11
523,10
523,9
523,8
523,7
523,6
523,5
523,4
523,3
523,2
523,1
523,0
522,15
522,14
522,13
522,12
522,11
522,10
522,9
522,8
522,7
522,6
522,5
522,4
522,3
522,2
522,1
522,0
202,15
202,14
202,13
202,12
202,11
202,10
202,9
202,8
202,7
202,6
202,5
202,4
201,4
200,4
197,4
195,11
195,10
195,9
195,8
195,7
195,6
195,5
195,4
194,4
521,4
521,3
521,2
521,1
521,0
193,4
520,7
520,6
520,5
520,4
520,3
520,2
520,1
520,0
192,7
192,6
192,5
192,4
190,4
519,8
519,7
519,6
519,5
519,4
519,3
519,2
519,1
519,0
518,8
518,7
518,6
518,5
518,4
518,3
518,2
518,1
518,0
517,8
517,7
517,6
517,5
517,4
517,3
517,2
517,1
517,0
516,8
516,7
516,6
516,5
516,4
516,3
516,2
516,1
516,0
189,8
189,7
189,6
189,5
189,4
188,4
187,4
186,11
186,10
186,9
186,8
186,7
186,6
186,5
0,224
186,4
183,4
182,4
515,5
515,4
515,3
515,2
515,1
515,0
181,4
514,5
514,4
514,3
514,2
514,1
514,0
180,4
179,6
179,5
179,4
178,6
178,5
178,4
177,5
177,4
176,5
176,4
513,6
513,5
513,4
513,3
513,2
513,1
513,0
175,4
512,5
512,4
512,3
512,2
512,1
512,0
174,5
174,4
173,4
172,5
172,4
171,4
511,6
511,5
511,4
0,223
511,3
511,2
511,1
511,0
510,6
510,5
510,4
510,3
510,2
510,1
510,0
170,6
170,5
170,4
169,4
168,8
168,7
168,6
168,5
168,4
167,4
165,4
509,4
509,3
509,2
509,1
509,0
164,4
163,4
508,7
508,6
508,5
508,4
508,3
508,2
508,1
508,0
507,7
507,6
507,5
507,4
507,3
507,2
507,1
507,0
506,7
506,6
506,5
506,4
506,3
506,2
506,1
506,0
0,222
162,7
162,6
162,5
162,4
161,4
160,9
160,8
160,7
160,6
160,5
160,4
159,4
505,10
505,9
505,8
505,7
505,6
505,5
505,4
505,3
505,2
505,1
505,0
504,9
504,8
504,7
504,6
504,5
504,4
504,3
504,2
504,1
504,0
503,9
503,8
503,7
503,6
503,5
503,4
503,3
503,2
503,1
503,0
158,9
158,8
158,7
158,6
158,5
158,4
157,4
502,6
502,5
502,4
502,3
502,2
502,1
502,0
501,6
501,5
501,4
501,3
501,2
501,1
501,0
156,6
156,5
156,4
5,33
155,4
153,4
500,7
500,6
500,5
500,4
500,3
500,2
500,1
500,0
499,6
499,5
499,4
499,3
499,2
499,1
499,0
498,6
498,5
498,4
498,3
498,2
498,1
498,0
152,5
152,4
151,4
497,6
497,5
497,4
497,3
497,2
497,1
497,0
148,4
496,6
496,5
496,4
496,3
496,2
496,1
496,0
147,5
147,4
146,4
495,11
495,10
495,9
495,8
495,7
495,6
495,5
495,4
495,3
495,2
495,1
495,0
494,11
494,10
494,9
494,8
494,7
494,6
494,5
494,4
494,3
494,2
494,1
494,0
493,11
493,10
493,9
493,8
493,7
493,6
493,5
493,4
493,3
493,2
493,1
493,0
492,11
492,10
492,9
492,8
492,7
492,6
492,5
492,4
492,3
492,2
492,1
492,0
491,11
491,10
491,9
491,8
491,7
491,6
491,5
491,4
491,3
491,2
491,1
491,0
145,11
145,10
145,9
145,8
145,7
145,6
145,5
145,4
144,11
144,10
144,9
144,8
144,7
144,6
144,5
144,4
490,3
490,2
490,1
490,0
142,4
489,5
489,4
489,3
489,2
489,1
489,0
488,5
488,4
488,3
488,2
488,1
488,0
487,5
487,4
487,3
487,2
487,1
487,0
486,5
486,4
486,3
486,2
486,1
486,0
5,32
485,5
485,4
485,3
485,2
485,1
485,0
5,31
484,5
484,4
484,3
484,2
484,1
484,0
483,5
483,4
483,3
483,2
483,1
483,0
482,5
482,4
482,3
482,2
482,1
482,0
481,5
481,4
481,3
481,2
481,1
481,0
480,5
480,4
480,3
480,2
480,1
480,0
479,5
479,4
479,3
479,2
479,1
479,0
478,5
478,4
478,3
478,2
0,220
478,1
478,0
477,5
477,4
477,3
477,2
477,1
477,0
476,5
476,4
476,3
476,2
476,1
476,0
475,5
475,4
475,3
475,2
475,1
475,0
474,5
474,4
474,3
474,2
474,1
474,0
0,219
473,5
473,4
473,3
473,2
473,1
473,0
472,5
472,4
472,3
472,2
472,1
472,0
5,29
471,5
471,4
471,3
471,2
471,1
471,0
470,5
470,4
470,3
470,2
470,1
470,0
5,28
469,5
469,4
469,3
469,2
469,1
469,0
468,5
468,4
468,3
468,2
468,1
468,0
467,5
467,4
467,3
467,2
467,1
467,0
466,5
466,4
466,3
466,2
466,1
466,0
465,5
465,4
465,3
465,2
465,1
465,0
464,5
464,4
464,3
464,2
464,1
464,0
463,5
463,4
463,3
463,2
463,1
463,0
462,5
462,4
462,3
462,2
462,1
462,0
461,5
461,4
461,3
461,2
461,1
461,0
460,5
460,4
460,3
460,2
460,1
460,0
459,5
459,4
459,3
459,2
459,1
459,0
458,5
458,4
458,3
458,2
458,1
458,0
457,5
457,4
457,3
457,2
457,1
457,0
456,4
456,3
456,2
456,1
456,0
130,4
455,5
455,4
455,3
455,2
455,1
455,0
454,5
454,4
454,3
454,2
454,1
454,0
453,5
453,4
453,3
453,2
453,1
453,0
452,5
452,4
452,3
452,2
452,1
452,0
451,5
451,4
451,3
451,2
451,1
451,0
450,5
450,4
450,3
